82	338	293	484	505	211
776	477	10	82	338

112	456	37	590	791
965	352	971	590	456

799	512	226	194
226	403	799

509	630	91	82	844	75
687	82	75	311

719	44	733	466	870
719	733	511	90	38

560	62	451	996
98	560	204	75	62

597	992	188	669	570	525
597	623	295	570	286	221

707	822	608	901	434	25
401	440	608	25

257	854	176	781	973	385
176	61	248	854	829	740

913	822	656	941
941	913	602	39

928	282	869	974	923
421	517	678	20	282	869

98	12	736	40
891	12	40	235

266	902	971	464	345
971	248	534	345	790

156	977	374	718	940
596	374	215	959	450	718

